
Resp charges for organic molecule                                               

iqopt   irstrnt  ihfree     qwt
  2      1      1        0.001000

 rel.rms   dipole mom       Qxx      Qyy      Qzz
    0.04619  25.75695 -89.44792 -80.90186 170.34978

          Point charges before & after optimization
    NO   At.No.    q0           q(opt)   IVARY  d(rstr)/dq 
     1    79   0.020834       0.023092    0    0.009744
     2    79   0.021831       0.029793    0    0.009584
     3    79   0.044869       0.034579    0    0.009451
     4    79   0.122229       0.081493    0    0.007752
     5    79   0.082965       0.074649    0    0.008014
     6    79   0.009168       0.026831    0    0.009658
     7    79   0.023936       0.019219    0    0.009820
     8    79  -0.001929       0.029039    0    0.009603
     9    79  -0.000269       0.009089    0    0.009959
    10    79  -0.063025      -0.049504    0    0.008962
    11    79   0.072258       0.085006    0    0.007619
    12    79  -0.024474       0.002013    0    0.009998
    13    79   0.056237       0.088092    0    0.007504
    14    79   0.040935       0.051696    0    0.008883
    15    79   0.079998       0.072867    0    0.008082
    16    79   0.476499       0.370790    0    0.002600
    17    79   0.257408       0.293461    0    0.003231
    18    79   0.019738       0.013652    0    0.009908
    19    79  -0.035035      -0.022632    0    0.009754
    20    79   0.010444      -0.025039    0    0.009701
    21    79  -0.433980      -0.363896    0    0.002650
    22    79  -0.027805      -0.035103    0    0.009436
    23    79   0.096364       0.089498    0    0.007452
    24    79   0.124631       0.086712    0    0.007555
    25    79   0.006173      -0.005397    0    0.009985
    26     1   0.392474       0.350910    0    0.000000
    27     8  -0.514386      -0.444966    0    0.002193
    28     6  -0.579151       0.053914    0    0.008802
    29     8  -0.460077      -0.422984    0    0.002301
    30     6   0.171662       0.043129    0    0.009182
    31     1   0.251171       0.189266    0    0.000000
    32     6   0.119976       0.030020    0    0.009578
    33     1  -0.111266      -0.094141    0    0.000000
    34     1   0.095489       0.072972    0    0.000000
    35     7   0.126630       0.038322    0    0.009338
    36     1   0.155645       0.125627    0    0.000000
    37     6   0.174609       0.048554    0    0.008996
    38     8  -0.547281      -0.537203    0    0.001830
    39     6   0.135500       0.044784    0    0.009127
    40     1   0.136781       0.133435    0    0.000000
    41     1   0.122417       0.120230    0    0.000000
    42     1   0.120523       0.118781    0    0.000000
    43    16   0.099284       0.019349    0    0.009818
    44     1   0.392474       0.350910   26    0.000000
    45     8  -0.514386      -0.444966   27    0.002193
    46     6   0.541416       0.384408    0    0.002518
    47     8  -0.460077      -0.422984   29    0.002301
    48     6  -0.071700      -0.075535    0    0.007979
    49     1   0.251171       0.189266   31    0.000000
    50     6  -0.449576      -0.303831    0    0.003126
    51     1  -0.111266      -0.094141   33    0.000000
    52     1   0.095489       0.072972   34    0.000000
    53     7  -0.037241       0.022621    0    0.009754
    54     1   0.155645       0.125627   36    0.000000
    55     6   0.609062       0.551224    0    0.001785
    56     8  -0.579151      -0.537203   38    0.001830
    57     6  -0.402086      -0.381506    0    0.002536
    58     1   0.136781       0.133435   40    0.000000
    59     1   0.122417       0.120230   41    0.000000
    60     1   0.120523       0.118781   42    0.000000
    61    16   0.090506       0.080691    0    0.007782
    62     1   0.392474       0.350910   26    0.000000
    63     8  -0.514386      -0.444966   27    0.002193
    64     6   0.012858       0.015309    0    0.009885
    65     8  -0.460077      -0.422984   29    0.002301
    66     6   0.029777       0.033144    0    0.009492
    67     1   0.251171       0.189266   31    0.000000
    68     6   0.022667       0.028034    0    0.009629
    69     1  -0.111266      -0.094141   33    0.000000
    70     1   0.095489       0.072972   34    0.000000
    71     7   0.050852       0.056029    0    0.008724
    72     1   0.155645       0.125627   36    0.000000
    73     6   0.066809       0.072311    0    0.008104
    74     8  -0.547281      -0.537203   38    0.001830
    75     6   0.065776       0.068595    0    0.008247
    76     1   0.136781       0.133435   40    0.000000
    77     1   0.122417       0.120230   41    0.000000
    78     1   0.120523       0.118781   42    0.000000
    79    16  -0.000227       0.004650    0    0.009989
    80     1   0.392474       0.350910   26    0.000000
    81     8  -0.514386      -0.444966   27    0.002193
    82     6   0.049082       0.049962    0    0.008946
    83     8  -0.460077      -0.422984   29    0.002301
    84     6   0.035061       0.038462    0    0.009333
    85     1   0.251171       0.189266   31    0.000000
    86     6   0.022408       0.024242    0    0.009718
    87     1  -0.111266      -0.094141   33    0.000000
    88     1   0.095489       0.072972   34    0.000000
    89     7   0.039340       0.044199    0    0.009146
    90     1   0.155645       0.125627   36    0.000000
    91     6   0.043508       0.051254    0    0.008899
    92     8  -0.547281      -0.537203   38    0.001830
    93     6   0.047988       0.057252    0    0.008678
    94     1   0.136781       0.133435   40    0.000000
    95     1   0.122417       0.120230   41    0.000000
    96     1   0.120523       0.118781   42    0.000000
    97    16   0.011123       0.012702    0    0.009920
    98     1   0.392474       0.350910   26    0.000000
    99     8  -0.514386      -0.444966   27    0.002193
   100     6   0.695473       0.515482    0    0.001904
   101     8  -0.460077      -0.422984   29    0.002301
   102     6  -0.013123      -0.000090    0    0.010000
   103     1   0.251171       0.189266   31    0.000000
   104     6  -0.276493      -0.122873    0    0.006312
   105     1  -0.111266      -0.094141   33    0.000000
   106     1   0.095489       0.072972   34    0.000000
   107     7  -0.032166      -0.001608    0    0.009999
   108     1   0.155645       0.125627   36    0.000000
   109     6  -0.004179       0.011272    0    0.009937
   110     8  -0.547281      -0.537203   38    0.001830
   111     6  -0.019950      -0.004136    0    0.009991
   112     1   0.136781       0.133435   40    0.000000
   113     1   0.122417       0.120230   41    0.000000
   114     1   0.120523       0.118781   42    0.000000
   115    16  -0.101051      -0.119975    0    0.006402
   116     1   0.392474       0.350910   26    0.000000
   117     8  -0.514386      -0.444966   27    0.002193
   118     6   0.042906       0.047300    0    0.009040
   119     8  -0.460077      -0.422984   29    0.002301
   120     6   0.036145       0.039330    0    0.009306
   121     1   0.251171       0.189266   31    0.000000
   122     6   0.020394       0.023615    0    0.009732
   123     1  -0.111266      -0.094141   33    0.000000
   124     1   0.095489       0.072972   34    0.000000
   125     7   0.038626       0.042870    0    0.009191
   126     1   0.155645       0.125627   36    0.000000
   127     6   0.051396       0.054472    0    0.008782
   128     8  -0.547281      -0.537203   38    0.001830
   129     6   0.051729       0.056189    0    0.008718
   130     1   0.136781       0.133435   40    0.000000
   131     1   0.122417       0.120230   41    0.000000
   132     1   0.120523       0.118781   42    0.000000
   133    16   0.007316       0.014297    0    0.009899
   134     1   0.392474       0.350910   26    0.000000
   135     8  -0.514386      -0.444966   27    0.002193
   136     6   0.051319       0.055572    0    0.008741
   137     8  -0.460077      -0.422984   29    0.002301
   138     6   0.044114       0.046371    0    0.009072
   139     1   0.251171       0.189266   31    0.000000
   140     6   0.036664       0.036921    0    0.009381
   141     1  -0.111266      -0.094141   33    0.000000
   142     1   0.095489       0.072972   34    0.000000
   143     7   0.032840       0.038146    0    0.009343
   144     1   0.155645       0.125627   36    0.000000
   145     6   0.038844       0.043852    0    0.009158
   146     8  -0.547281      -0.537203   38    0.001830
   147     6   0.025459       0.033581    0    0.009480
   148     1   0.136781       0.133435   40    0.000000
   149     1   0.122417       0.120230   41    0.000000
   150     1   0.120523       0.118781   42    0.000000
   151    16   0.019270       0.023629    0    0.009732
   152     1   0.392474       0.350910   26    0.000000
   153     8  -0.514386      -0.444966   27    0.002193
   154     6   0.610271       0.456735    0    0.002139
   155     8  -0.460077      -0.422984   29    0.002301
   156     6   0.040525       0.023312    0    0.009739
   157     1   0.251171       0.189266   31    0.000000
   158     6  -0.128896      -0.091230    0    0.007388
   159     1  -0.111266      -0.094141   33    0.000000
   160     1   0.095489       0.072972   34    0.000000
   161     7  -0.457198      -0.342768    0    0.002801
   162     1   0.155645       0.125627   36    0.000000
   163     6   0.645771       0.604081    0    0.001633
   164     8  -0.547281      -0.537203   38    0.001830
   165     6  -0.354599      -0.330492    0    0.002896
   166     1   0.136781       0.133435   40    0.000000
   167     1   0.122417       0.120230   41    0.000000
   168     1   0.120523       0.118781   42    0.000000
   169    16  -0.107364      -0.041566    0    0.009234
   170     1   0.392474       0.350910   26    0.000000
   171     8  -0.514386      -0.444966   27    0.002193
   172     6   0.077446       0.086372    0    0.007568
   173     8  -0.460077      -0.422984   29    0.002301
   174     6   0.056233       0.056403    0    0.008710
   175     1   0.251171       0.189266   31    0.000000
   176     6   0.037909       0.038547    0    0.009331
   177     1  -0.111266      -0.094141   33    0.000000
   178     1   0.095489       0.072972   34    0.000000
   179     7   0.029630       0.031246    0    0.009545
   180     1   0.155645       0.125627   36    0.000000
   181     6   0.000173       0.007391    0    0.009973
   182     8  -0.547281      -0.537203   38    0.001830
   183     6  -0.030992      -0.017974    0    0.009842
   184     1   0.136781       0.133435   40    0.000000
   185     1   0.122417       0.120230   41    0.000000
   186     1   0.120523       0.118781   42    0.000000
   187    16   0.078112       0.076088    0    0.007958
   188     1   0.392474       0.350910   26    0.000000
   189     8  -0.514386      -0.444966   27    0.002193
   190     6   0.495089       0.437969    0    0.002226
   191     8  -0.460077      -0.422984   29    0.002301
   192     6   0.053105       0.057147    0    0.008682
   193     1   0.251171       0.189266   31    0.000000
   194     6  -0.014138       0.004492    0    0.009990
   195     1  -0.111266      -0.094141   33    0.000000
   196     1   0.095489       0.072972   34    0.000000
   197     7   0.007642       0.005926    0    0.009983
   198     1   0.155645       0.125627   36    0.000000
   199     6   0.058562       0.036688    0    0.009388
   200     8  -0.547281      -0.537203   38    0.001830
   201     6  -0.219820      -0.206353    0    0.004361
   202     1   0.136781       0.133435   40    0.000000
   203     1   0.122417       0.120230   41    0.000000
   204     1   0.120523       0.118781   42    0.000000
   205    16  -0.131930      -0.057797    0    0.008657
   206     1   0.392474       0.350910   26    0.000000
   207     8  -0.514386      -0.444966   27    0.002193
   208     6   0.037553       0.042967    0    0.009188
   209     8  -0.460077      -0.422984   29    0.002301
   210     6   0.033172       0.037843    0    0.009353
   211     1   0.251171       0.189266   31    0.000000
   212     6   0.023353       0.027601    0    0.009640
   213     1  -0.111266      -0.094141   33    0.000000
   214     1   0.095489       0.072972   34    0.000000
   215     7   0.044267       0.046378    0    0.009072
   216     1   0.155645       0.125627   36    0.000000
   217     6   0.053337       0.054859    0    0.008767
   218     8  -0.547281      -0.537203   38    0.001830
   219     6   0.049627       0.053658    0    0.008812
   220     1   0.136781       0.133435   40    0.000000
   221     1   0.122417       0.120230   41    0.000000
   222     1   0.120523       0.118781   42    0.000000
   223    16   0.007200       0.014766    0    0.009893
   224     1   0.392474       0.350910   26    0.000000
   225     8  -0.514386      -0.444966   27    0.002193
   226     6   0.501912       0.315135    0    0.003024
   227     8  -0.460077      -0.422984   29    0.002301
   228     6   0.060523       0.060161    0    0.008569
   229     1   0.251171       0.189266   31    0.000000
   230     6   0.041301       0.053166    0    0.008830
   231     1  -0.111266      -0.094141   33    0.000000
   232     1   0.095489       0.072972   34    0.000000
   233     7   0.027571       0.029507    0    0.009591
   234     1   0.155645       0.125627   36    0.000000
   235     6  -0.029309      -0.025892    0    0.009681
   236     8  -0.547281      -0.537203   38    0.001830
   237     6  -0.397290      -0.213912    0    0.004235
   238     1   0.136781       0.133435   40    0.000000
   239     1   0.122417       0.120230   41    0.000000
   240     1   0.120523       0.118781   42    0.000000
   241    16   0.043803       0.059907    0    0.008579
   242     1   0.392474       0.350910   26    0.000000
   243     8  -0.514386      -0.444966   27    0.002193
   244     6   0.037926       0.049399    0    0.008966
   245     8  -0.460077      -0.422984   29    0.002301
   246     6   0.032144       0.037921    0    0.009350
   247     1   0.251171       0.189266   31    0.000000
   248     6   0.017131       0.024679    0    0.009709
   249     1  -0.111266      -0.094141   33    0.000000
   250     1   0.095489       0.072972   34    0.000000
   251     7   0.044910       0.045926    0    0.009088
   252     1   0.155645       0.125627   36    0.000000
   253     6   0.058931       0.054818    0    0.008769
   254     8  -0.547281      -0.537203   38    0.001830
   255     6   0.051704       0.048184    0    0.009009
   256     1   0.136781       0.133435   40    0.000000
   257     1   0.122417       0.120230   41    0.000000
   258     1   0.120523       0.118781   42    0.000000
   259    16   0.005765       0.017146    0    0.009856
   260     1   0.392474       0.350910   26    0.000000
   261     8  -0.514386      -0.444966   27    0.002193
   262     6   0.087233       0.120624    0    0.006382
   263     8  -0.460077      -0.422984   29    0.002301
   264     6   0.053431       0.058959    0    0.008614
   265     1   0.251171       0.189266   31    0.000000
   266     6   0.055707       0.058285    0    0.008640
   267     1  -0.111266      -0.094141   33    0.000000
   268     1   0.095489       0.072972   34    0.000000
   269     7   0.024431       0.026888    0    0.009657
   270     1   0.155645       0.125627   36    0.000000
   271     6   0.012178       0.012592    0    0.009922
   272     8  -0.547281      -0.537203   38    0.001830
   273     6  -0.019316      -0.024142    0    0.009721
   274     1   0.136781       0.133435   40    0.000000
   275     1   0.122417       0.120230   41    0.000000
   276     1   0.120523       0.118781   42    0.000000
   277    16   0.034847       0.024867    0    0.009704
   278     1   0.392474       0.350910   26    0.000000
   279     8  -0.514386      -0.444966   27    0.002193
   280     6   0.466579       0.356960    0    0.002698
   281     8  -0.460077      -0.422984   29    0.002301
   282     6  -0.012916      -0.001809    0    0.009998
   283     1   0.251171       0.189266   31    0.000000
   284     6  -0.128749      -0.079896    0    0.007813
   285     1  -0.111266      -0.094141   33    0.000000
   286     1   0.095489       0.072972   34    0.000000
   287     7   0.002000       0.021483    0    0.009777
   288     1   0.155645       0.125627   36    0.000000
   289     6   0.013216       0.033030    0    0.009495
   290     8  -0.547281      -0.537203   38    0.001830
   291     6  -0.000410       0.019680    0    0.009812
   292     1   0.136781       0.133435   40    0.000000
   293     1   0.122417       0.120230   41    0.000000
   294     1   0.120523       0.118781   42    0.000000
   295    16  -0.091209      -0.071376    0    0.008139
   296     1   0.392474       0.350910   26    0.000000
   297     8  -0.514386      -0.444966   27    0.002193
   298     6   0.299931       0.255504    0    0.003645
   299     8  -0.460077      -0.422984   29    0.002301
   300     6   0.073898       0.081398    0    0.007755
   301     1   0.251171       0.189266   31    0.000000
   302     6  -0.008852       0.022958    0    0.009746
   303     1  -0.111266      -0.094141   33    0.000000
   304     1   0.095489       0.072972   34    0.000000
   305     7   0.053407       0.046316    0    0.009074
   306     1   0.155645       0.125627   36    0.000000
   307     6   0.241086       0.074482    0    0.008020
   308     8  -0.547281      -0.537203   38    0.001830
   309     6  -0.290388      -0.173513    0    0.004993
   310     1   0.136781       0.133435   40    0.000000
   311     1   0.122417       0.120230   41    0.000000
   312     1   0.120523       0.118781   42    0.000000
   313    16  -0.120572      -0.029072    0    0.009603
   314     1   0.392474       0.350910   26    0.000000
   315     8  -0.514386      -0.444966   27    0.002193
   316     6   0.623524       0.492786    0    0.001989
   317     8  -0.460077      -0.422984   29    0.002301
   318     6  -0.003324       0.070778    0    0.008162
   319     1   0.251171       0.189266   31    0.000000
   320     6   0.106059       0.194666    0    0.004569
   321     1  -0.111266      -0.094141   33    0.000000
   322     1   0.095489       0.072972   34    0.000000
   323     7  -0.402479      -0.313796    0    0.003036
   324     1   0.155645       0.125627   36    0.000000
   325     6   0.682803       0.632364    0    0.001562
   326     8  -0.547281      -0.537203   38    0.001830
   327     6  -0.407272      -0.400843    0    0.002421
   328     1   0.136781       0.133435   40    0.000000
   329     1   0.122417       0.120230   41    0.000000
   330     1   0.120523       0.118781   42    0.000000
   331    16  -0.350801      -0.397882    0    0.002437
   332     1   0.392474       0.350910   26    0.000000
   333     8  -0.514386      -0.444966   27    0.002193
   334     6   0.824725       0.680120    0    0.001455
   335     8  -0.460077      -0.422984   29    0.002301
   336     6  -0.432953      -0.260661    0    0.003582
   337     1   0.251171       0.189266   31    0.000000
   338     6  -0.197067      -0.178342    0    0.004891
   339     1  -0.111266      -0.094141   33    0.000000
   340     1   0.095489       0.072972   34    0.000000
   341     7  -0.136620      -0.114131    0    0.006590
   342     1   0.155645       0.125627   36    0.000000
   343     6   0.675933       0.640374    0    0.001543
   344     8  -0.547281      -0.537203   38    0.001830
   345     6  -0.415152      -0.400490    0    0.002423
   346     1   0.136781       0.133435   40    0.000000
   347     1   0.122417       0.120230   41    0.000000
   348     1   0.120523       0.118781   42    0.000000
   349    16  -0.070355      -0.088798    0    0.007477

        Statistics of the fitting:
  The initial sum of squares (ssvpot)                     17.709
  The residual sum of squares (chipot)                     0.038
  The std err of estimate (sqrt(chipot/N))               0.00171
  ESP relative RMS (SQRT(chipot/ssvpot))                 0.04619

 Dipole Moment (Debye)=  25.75695
