                   4.0018349E-01  -2.8460596E-01   9.0837239E-02
                   4.9476598E+00  -6.9132980E-01  -2.9481955E+00
                  -3.3697594E-01  -3.0652395E+00   4.7691468E+00
                   3.6029024E+00  -7.9002074E-01  -9.2908945E+00
                   8.9299342E+00  -4.3497051E+00   6.0981458E-02
                   2.6752643E+00  -5.2319691E+00   7.3142411E-01
                   3.0151334E-01  -3.3404327E+00  -4.3502702E+00
                   5.7321588E+00  -5.7938545E+00   5.9273467E+00
                  -1.4792643E+00  -8.6149565E+00  -3.9389486E+00
                   7.7639770E-01   2.1088189E+00  -4.7520599E+00
                  -1.7954778E+00   4.8033036E+00  -3.9974508E-01
                  -4.8860680E+00   5.2121666E+00  -5.4606845E+00
                  -7.8155495E+00   4.8423284E+00   8.6232543E-01
                   5.0244847E+00  -9.5768856E-01   2.8168350E+00
                   1.1082430E+00   2.7754784E+00   4.4993884E+00
                   5.1328926E-01   9.1420616E+00   2.6692153E+00
                   6.0960633E+00   5.2011061E+00   5.2759165E+00
                  -2.9856140E+00  -4.4194266E+00  -1.0950206E-01
                  -3.8702873E+00   9.4799049E-01   3.0481620E+00
                  -2.7989582E+00   1.0028776E+00   8.6717485E+00
                  -6.1332115E+00  -4.0149629E+00   5.0698381E+00
                  -4.2025786E+00   3.6673156E-01  -2.5841719E+00
                   3.7469052E+00   3.9036410E+00   8.8703738E-03
                  -6.8258207E+00  -4.4514423E+00  -5.3388917E+00
                   5.4834444E+00   5.0033803E+00  -6.2718739E+00
                  -4.3029061E-02  -1.2804058E+01  -7.5189155E+00
                   1.3346322E+00  -1.1923942E+01  -8.4811526E+00
                   5.2304403E-01  -1.0632265E+01  -1.0542025E+01
                  -1.5432504E+00  -1.0993583E+01  -1.1405124E+01
                   2.6489423E+00  -8.9763024E+00  -1.1593380E+01
                   4.2756959E+00  -1.0287328E+01  -1.2099710E+01
                   3.6457558E+00  -7.0788342E+00  -9.6424157E+00
                   5.3621013E+00  -6.1496427E+00  -1.0374590E+01
                   4.1563465E+00  -8.0623232E+00  -7.8685998E+00
                   1.7335609E+00  -7.7043958E+00  -1.3861664E+01
                   4.4260406E-01  -6.3122990E+00  -1.3568552E+01
                   1.9088500E+00  -8.8973818E+00  -1.6190150E+01
                   3.1451730E+00  -1.0807880E+01  -1.6462344E+01
                   5.6660599E-01  -7.5826994E+00  -1.8320659E+01
                   9.9936647E-01  -5.5568904E+00  -1.8399992E+01
                  -1.4924980E+00  -7.8030358E+00  -1.8149078E+01
                   1.1244682E+00  -8.4148950E+00  -2.0143493E+01
                   1.2219422E+00  -4.5348926E+00  -8.8369653E+00
                   4.8350246E+00   1.3769863E+01  -2.8836576E+00
                   6.5868081E+00   1.3284326E+01  -2.3799209E+00
                   7.7374207E+00   1.1808480E+01  -4.1227320E+00
                   6.9315565E+00   1.1715642E+01  -6.2650823E+00
                   1.0102762E+01   1.0540102E+01  -3.1004526E+00
                   1.1554495E+01   1.0426380E+01  -4.6851598E+00
                   9.4768889E+00   7.8294371E+00  -2.2337827E+00
                   1.0535833E+01   6.4271754E+00  -3.3463551E+00
                   9.9895791E+00   7.5395928E+00  -2.2512873E-01
                   1.1194024E+01   1.2061866E+01  -1.0656599E+00
                   1.0035299E+01   1.3320979E+01  -1.5553390E-01
                   1.3420679E+01   1.1200597E+01   3.5823536E-02
                   1.4568676E+01   9.4549416E+00  -9.1713127E-01
                   1.4265364E+01   1.2560795E+01   2.3648825E+00
                   1.3648531E+01   1.1492433E+01   4.0572077E+00
                   1.3517588E+01   1.4486080E+01   2.5305585E+00
                   1.6337010E+01   1.2654790E+01   2.4456701E+00
                   5.9463970E+00   7.1927034E+00  -2.4323419E+00
                   7.9279996E+00   9.4747497E+00  -8.9891676E+00
                   8.4485567E+00   8.0170661E+00  -1.0143297E+01
                   1.0476815E+01   6.7908437E+00  -9.3221978E+00
                   1.1889026E+01   7.6348823E+00  -7.7199993E+00
                   1.1084178E+01   4.2874368E+00  -1.0667917E+01
                   9.7525281E+00   1.4956595E+00  -7.9372743E+00
                   9.3313989E+00   2.1224911E+00  -9.8806572E+00
                   9.6598937E+00   4.6793206E-01  -1.1136225E+01
                   1.1015683E+01   4.5655704E+00  -1.2774950E+01
                   1.3737648E+01   3.8037860E+00  -9.9025194E+00
                   1.4513139E+01   5.3040376E+00  -8.8970926E+00
                   1.4725771E+01   1.4300067E+00  -9.5123836E+00
                   1.3641269E+01  -5.0833440E-01  -1.0167111E+01
                   1.7276884E+01   1.3590853E+00  -8.2712343E+00
                   1.8377818E+01  -2.8184507E-01  -8.9321829E+00
                   1.7062313E+01   1.1073416E+00  -6.2053102E+00
                   1.8421068E+01   3.0537689E+00  -8.5868695E+00
                   5.8715487E+00   2.9433541E+00  -1.0214145E+01
                   1.4705553E+01  -2.7966716E+00  -7.8493227E+00
                   1.5660341E+01  -3.5108463E+00  -6.3671993E+00
                   1.4400676E+01  -5.0801863E+00  -4.8280269E+00
                   1.5271781E+01  -5.5768327E+00  -2.7852747E+00
                   1.2010348E+01  -6.3218685E+00  -5.8951514E+00
                   1.2478203E+01  -7.2136170E+00  -7.7915916E+00
                   9.8947810E+00  -4.4072190E+00  -6.3367048E+00
                   1.0315438E+01  -3.2222512E+00  -8.0167978E+00
                   8.0979010E+00  -5.4057143E+00  -6.7041544E+00
                   1.1351599E+01  -8.3624249E+00  -4.1492014E+00
                   1.1937097E+01  -8.1458547E+00  -2.3265229E+00
                   9.6632858E+00  -1.0230128E+01  -4.8735901E+00
                   8.7316679E+00  -1.0203679E+01  -6.9745383E+00
                   9.2275169E+00  -1.2267160E+01  -2.9541519E+00
                   7.7275677E+00  -1.3564570E+01  -3.5955382E+00
                   8.6214912E+00  -1.1495356E+01  -1.1222402E+00
                   1.0941177E+01  -1.3391738E+01  -2.6326944E+00
                   9.3720790E+00  -2.0281673E+00  -3.7263299E+00
                  -4.5318388E+00  -1.0604736E+01   8.8224466E+00
                  -2.8255618E+00  -1.0528914E+01   9.6510196E+00
                  -8.5284279E-01  -1.0507513E+01   8.0540405E+00
                  -1.0891908E+00  -1.0679374E+01   5.7979212E+00
                   1.6170782E+00  -1.0316621E+01   9.5243928E+00
                   1.5200238E+00  -1.1672133E+01   1.1200294E+01
                   2.0115812E+00  -7.6737199E+00   1.0621683E+01
                   3.7992242E+00  -7.6291866E+00   1.1708795E+01
                   4.3555538E-01  -7.1973975E+00   1.1915973E+01
                   3.5904359E+00  -1.1243904E+01   7.8195898E+00
                   3.3868482E+00  -1.0831254E+01   5.9579848E+00
                   5.8296818E+00  -1.2180424E+01   8.8153355E+00
                   6.1707982E+00  -1.2138154E+01   1.1090105E+01
                   7.6399940E+00  -1.3314990E+01   6.9679148E+00
                   6.7115792E+00  -1.4428045E+01   5.4851602E+00
                   9.0096353E+00  -1.4559271E+01   7.9387691E+00
                   8.8062611E+00  -1.1857949E+01   6.0358113E+00
                   2.1718659E+00  -4.8448455E+00   8.4023907E+00
                   1.7327032E+01  -6.0329238E+00   3.4433737E+00
                   1.7918374E+01  -5.3339878E+00   5.0694942E+00
                   1.6378266E+01  -5.7013619E+00   7.0711713E+00
                   1.6972801E+01  -4.8353968E+00   9.0807627E+00
                   1.3902461E+01  -7.1462861E+00   6.5665824E+00
                   1.4238037E+01  -8.7389868E+00   5.1802605E+00
                   1.2064425E+01  -5.1775960E+00   5.4901283E+00
                   1.3027338E+01  -3.8969230E+00   4.1503372E+00
                   1.1234789E+01  -3.9918251E+00   6.9915799E+00
                   1.3053250E+01  -8.1837173E+00   8.9650207E+00
                   1.2748704E+01  -6.9408218E+00   1.0378385E+01
                   1.2960646E+01  -1.0778874E+01   9.3508763E+00
                   1.3439058E+01  -1.2219639E+01   7.6278071E+00
                   1.2215104E+01  -1.1605342E+01   1.1947158E+01
                   1.2967812E+01  -1.0410663E+01   1.3456911E+01
                   1.2848585E+01  -1.3556618E+01   1.2300323E+01
                   1.0126295E+01  -1.1632887E+01   1.2141862E+01
                   9.4589724E+00  -6.8791827E+00   3.7234972E+00
                  -1.9057091E+01  -5.9211918E-01  -3.1252421E+00
                  -1.7479627E+01  -9.7473767E-01  -4.0658475E+00
                  -1.6073898E+01  -2.7892053E+00  -2.9699142E+00
                  -1.6852911E+01  -4.0696629E+00  -1.2591660E+00
                  -1.3451272E+01  -3.0189998E+00  -4.1827970E+00
                  -1.2908021E+01  -5.0939775E+00  -4.0672062E+00
                  -1.1630963E+01  -1.4993294E+00  -2.5188044E+00
                  -1.1207324E+01  -2.5394421E+00  -7.6124588E-01
                  -1.2432521E+01   3.5698436E-01  -1.9686995E+00
                  -1.3517947E+01  -2.3708068E+00  -6.8563586E+00
                  -1.3495860E+01  -3.9219392E+00  -8.0417100E+00
                  -1.3722625E+01   7.4530793E-03  -7.8553490E+00
                  -1.4027769E+01   1.9433772E+00  -6.6287827E+00
                  -1.3485427E+01   1.5020487E-01  -1.0691544E+01
                  -1.1477513E+01   1.4171244E-01  -1.1249539E+01
                  -1.4320147E+01   1.9211143E+00  -1.1401683E+01
                  -1.4423441E+01  -1.4173058E+00  -1.1666063E+01
                  -8.5819733E+00  -5.8998757E-01  -4.1624295E+00
                  -5.5994225E+00  -1.3232676E+01  -4.2640382E+00
                  -7.1482155E+00  -1.2902981E+01  -3.2232508E+00
                  -8.8977314E+00  -1.1296807E+01  -4.1631193E+00
                  -1.0427147E+01  -1.0417704E+01  -2.7334074E+00
                  -8.9130457E+00  -1.1008858E+01  -7.0509229E+00
                  -9.6646842E+00  -1.2867435E+01  -7.8180175E+00
                  -6.2909621E+00  -1.0594643E+01  -8.1619760E+00
                  -5.0364996E+00  -1.2234685E+01  -7.8619971E+00
                  -6.3911062E+00  -1.0368930E+01  -1.0254993E+01
                  -1.0618155E+01  -8.9858738E+00  -7.8142494E+00
                  -9.8266923E+00  -7.2582845E+00  -8.1958796E+00
                  -1.3225058E+01  -9.1230887E+00  -7.6999512E+00
                  -1.4377682E+01  -7.2060222E+00  -8.2778634E+00
                  -1.4516032E+01  -1.1520217E+01  -6.9642601E+00
                  -1.4240450E+01  -1.1939688E+01  -4.9383321E+00
                  -1.3885119E+01  -1.3155273E+01  -8.0673347E+00
                  -1.6577241E+01  -1.1341604E+01  -7.2488245E+00
                  -4.4559153E+00  -7.6769816E+00  -7.1942832E+00
                  -4.3139610E+00  -1.4494865E+01  -7.9488867E-01
                  -2.4551660E+00  -1.4756105E+01  -6.0683259E-01
                  -1.1197175E+00  -1.4352475E+01  -2.7281577E+00
                  -2.1997544E+00  -1.3936092E+01  -4.7171227E+00
                   1.7271982E+00  -1.4553651E+01  -2.2195795E+00
                   2.0708921E+00  -1.6466277E+01  -1.2974878E+00
                   2.4608522E+00  -1.2485588E+01  -3.3284500E-01
                   4.4433467E+00  -1.2727114E+01   2.7091490E-01
                   1.2350418E+00  -1.2512590E+01   1.3569669E+00
                   3.1105211E+00  -1.4363369E+01  -4.5723621E+00
                   3.1353672E+00  -1.2630156E+01  -5.4726295E+00
                   4.1059872E+00  -1.6475049E+01  -5.7874200E+00
                   3.9693505E+00  -1.8554286E+01  -4.8318857E+00
                   5.3640741E+00  -1.5924273E+01  -8.2592213E+00
                   6.4525204E+00  -1.4141838E+01  -8.2423498E+00
                   3.9539285E+00  -1.5744420E+01  -9.7813691E+00
                   6.6614353E+00  -1.7457342E+01  -8.7850886E+00
                   2.3570061E+00  -9.1633418E+00  -1.7046727E+00
                  -6.7499633E+00   1.1790616E+01   4.2533121E+00
                  -7.3439571E+00   1.0576451E+01   5.5594435E+00
                  -9.5073305E+00   9.3762515E+00   4.9303575E+00
                  -1.0751622E+01   1.0078610E+01   3.1577265E+00
                  -1.0065015E+01   7.2899185E+00   6.8265614E+00
                  -1.0247379E+01   8.2221184E+00   8.7601933E+00
                  -7.8657596E+00   5.3892434E+00   6.9939345E+00
                  -7.9771362E+00   4.4061607E+00   8.8504693E+00
                  -6.0231520E+00   6.3459323E+00   6.8703369E+00
                  -1.2486121E+01   6.1411635E+00   6.1939001E+00
                  -1.2893784E+01   5.9232044E+00   4.3015946E+00
                  -1.3558586E+01   4.5428578E+00   7.9918893E+00
                  -1.2826103E+01   4.6204745E+00   1.0169194E+01
                  -1.5659874E+01   2.8880437E+00   7.0792065E+00
                  -1.6511842E+01   3.5381321E+00   5.2945455E+00
                  -1.7154400E+01   2.7351289E+00   8.5063937E+00
                  -1.4923004E+01   9.6465598E-01   6.7321885E+00
                  -7.9517156E+00   2.6285087E+00   4.6900089E+00
                  -1.5184976E+01   2.5931406E+00  -3.7720291E+00
                  -1.5566533E+01   3.0086611E+00  -1.9203830E+00
                  -1.4521577E+01   5.1132678E+00  -9.8460204E-01
                  -1.4497313E+01   5.3784247E+00   1.2791215E+00
                  -1.3596342E+01   7.0842520E+00  -2.8896632E+00
                  -1.5167683E+01   7.4070305E+00  -4.3189763E+00
                  -1.1277065E+01   6.1648966E+00  -4.3865359E+00
                  -1.1343005E+01   4.1133344E+00  -4.7250368E+00
                  -1.1264645E+01   7.1349931E+00  -6.2541918E+00
                  -1.3199237E+01   9.4255923E+00  -1.4929157E+00
                  -1.2510322E+01   9.2399210E+00   3.1726421E-01
                  -1.2972835E+01   1.1675706E+01  -2.8038828E+00
                  -1.3571831E+01   1.1822179E+01  -5.0177478E+00
                  -1.2043018E+01   1.3886873E+01  -1.2877991E+00
                  -9.9602128E+00   1.3936771E+01  -1.3235414E+00
                  -1.2613243E+01   1.3794272E+01   7.0832977E-01
                  -1.2736666E+01   1.5669950E+01  -2.0851029E+00
                  -8.1222615E+00   7.0474156E+00  -2.9481804E+00
                  -1.0151394E+01   4.1303949E+00  -9.8374543E+00
                  -8.5510006E+00   4.1998650E+00  -1.0815134E+01
                  -7.3163406E+00   6.4528984E+00  -1.0624542E+01
                  -8.3101607E+00   8.2207332E+00  -9.6025462E+00
                  -4.7709458E+00   6.3674771E+00  -1.1994422E+01
                  -5.2195252E+00   6.2173138E+00  -1.4100844E+01
                  -3.2180276E+00   4.0400641E+00  -1.1249590E+01
                  -1.6664265E+00   3.7483169E+00  -1.2624919E+01
                  -4.3739088E+00   2.3138769E+00  -1.1164299E+01
                  -3.4701397E+00   8.7377585E+00  -1.1528090E+01
                  -2.7791973E+00   9.0911259E+00  -9.7437409E+00
                  -3.2429909E+00   1.0508987E+01  -1.3438023E+01
                  -4.0580713E+00   1.0064739E+01  -1.5542696E+01
                  -1.9500668E+00   1.2913488E+01  -1.2696169E+01
                  -7.6371386E-02   1.2564070E+01  -1.1864650E+01
                  -3.0497362E+00   1.3955759E+01  -1.1256801E+01
                  -1.7199965E+00   1.4167281E+01  -1.4331629E+01
                  -1.3961900E+00   4.3668903E+00  -8.1490484E+00
                   2.9946828E+00   1.2303936E+01  -6.0756731E+00
                   1.6880110E+00   1.3109247E+01  -4.9715856E+00
                  -7.3864665E-01   1.2459254E+01  -5.4905592E+00
                  -1.2359753E+00   1.1145277E+01  -7.2690616E+00
                  -2.5249120E+00   1.3790655E+01  -3.6399637E+00
                  -2.1426923E+00   1.5899270E+01  -3.8755691E+00
                  -1.9245253E+00   1.3113812E+01  -8.8269101E-01
                   1.3080872E-01   1.3252526E+01  -5.6575939E-01
                  -2.8891000E+00   1.4465716E+01   3.8533403E-01
                  -5.1375867E+00   1.3311967E+01  -4.3484957E+00
                  -5.9116241E+00   1.1666286E+01  -3.7307462E+00
                  -6.0737078E+00   1.4460527E+01  -6.5399429E+00
                  -4.8802344E+00   1.6166237E+01  -7.5132198E+00
                  -8.5668743E+00   1.3543931E+01  -7.4640038E+00
                  -1.0090936E+01   1.4897608E+01  -7.0625939E+00
                  -9.1775847E+00   1.1721413E+01  -6.6557642E+00
                  -8.5210768E+00   1.3248385E+01  -9.5282838E+00
                  -3.1526696E+00   9.9121193E+00   2.3732502E-01
                   5.7152665E+00   1.7662150E+01  -4.6642406E-01
                   5.0143350E+00   1.6743777E+01   1.0155576E+00
                   6.8191839E+00   1.5714120E+01   2.4956005E+00
                   9.0351277E+00   1.5947634E+01   2.0176453E+00
                   5.7080893E+00   1.4124290E+01   4.6332132E+00
                   6.7745618E+00   1.4519868E+01   6.4465640E+00
                   6.2449283E+00   1.1387409E+01   3.7664015E+00
                   8.2113867E+00   1.0856646E+01   4.2738874E+00
                   6.0672828E+00   1.1146870E+01   1.7039432E+00
                   3.0578525E+00   1.4779549E+01   4.9841485E+00
                   2.0024670E+00   1.4815376E+01   3.3852986E+00
                   1.9017314E+00   1.4507421E+01   7.3362149E+00
                   3.1468719E+00   1.4241100E+01   9.2510496E+00
                  -9.2175920E-01   1.4710062E+01   7.3412812E+00
                  -1.6339024E+00   1.5078679E+01   9.2684975E+00
                  -1.7918004E+00   1.2880879E+01   6.8047880E+00
                  -1.6562333E+00   1.6174486E+01   6.0835136E+00
                   4.0376660E+00   9.1511644E+00   5.4256036E+00
                   1.6121322E+01   6.5284628E+00   7.1648035E+00
                   1.4602472E+01   7.5542533E+00   6.6355630E+00
                   1.2878747E+01   6.2225993E+00   5.3241423E+00
                   1.1133081E+01   7.3396050E+00   4.3894971E+00
                   1.3411130E+01   3.3775847E+00   5.0053928E+00
                   1.5207602E+01   3.2501341E+00   3.8236905E+00
                   1.1288571E+01   2.0900502E+00   3.5146050E+00
                   1.0739842E+01   3.2565799E+00   1.8722120E+00
                   1.1935411E+01   2.4807000E-01   2.7696448E+00
                   1.3846083E+01   2.1291675E+00   7.4257539E+00
                   1.2359020E+01   1.2101938E+00   8.2142345E+00
                   1.6180074E+01   2.2298937E+00   8.5880204E+00
                   1.7792339E+01   3.6823862E+00   7.7894052E+00
                   1.6592508E+01   5.4624230E-01   1.0810814E+01
                   1.6909693E+01   1.6636070E+00   1.2534367E+01
                   1.8328870E+01  -5.8877626E-01   1.0512139E+01
                   1.5070826E+01  -8.1077560E-01   1.1174861E+01
                   8.3438753E+00   1.3242312E+00   5.4382516E+00
                   1.8448393E+00   1.1532905E+01   1.1436841E+01
                  -2.6529920E+00   1.0671001E+01   1.0899305E+01
                  -1.1619868E+00   9.3647393E+00   1.2019908E+01
                   1.2376760E+00   1.0038680E+01   1.2453105E+01
                  -1.7401334E+00   6.8064207E+00   1.3240278E+01
                  -1.2668364E+00   6.8905532E+00   1.5326524E+01
                  -9.1126367E-02   4.7559169E+00   1.2034688E+01
                  -5.2609405E-01   2.8795078E+00   1.2839730E+01
                   1.9391291E+00   5.1532034E+00   1.2337698E+01
                  -4.4669645E+00   6.3913500E+00   1.2980687E+01
                  -5.3166874E+00   7.3081902E+00   1.1516421E+01
                  -5.6455677E+00   4.4785108E+00   1.4304360E+01
                  -4.4265546E+00   3.2302730E+00   1.5825754E+01
                  -8.3986188E+00   4.0829722E+00   1.3855807E+01
                  -9.4581334E+00   5.7907913E+00   1.3340466E+01
                  -9.3267332E+00   3.2503948E+00   1.5530900E+01
                  -8.7581751E+00   2.6790494E+00   1.2341685E+01
                  -5.1854837E-01   4.8177600E+00   8.4423338E+00
                  -5.3681692E+00  -1.1317569E-01   1.6011159E+01
                  -5.4318435E+00  -1.9733483E+00   1.5611391E+01
                  -7.5328371E+00  -2.7930150E+00   1.4434989E+01
                  -9.4980349E+00  -1.6660675E+00   1.4463456E+01
                  -6.9313165E+00  -5.3394548E+00   1.3181884E+01
                  -6.2853099E+00  -6.6907071E+00   1.4712575E+01
                  -4.7476928E+00  -4.9184333E+00   1.1318493E+01
                  -3.0100482E+00  -4.3537643E+00   1.2330462E+01
                  -4.3268961E+00  -6.6219589E+00   1.0210758E+01
                  -9.1370935E+00  -6.4303709E+00   1.1901443E+01
                  -9.7638098E+00  -5.4659738E+00   1.0294394E+01
                  -1.1038598E+01  -7.5308925E+00   1.3433847E+01
                  -1.0550737E+01  -8.1873115E+00   1.5565539E+01
                  -1.3503929E+01  -7.9691597E+00   1.2131245E+01
                  -1.3294391E+01  -9.0342263E+00   1.0342181E+01
                  -1.4431690E+01  -6.1756510E+00   1.1623431E+01
                  -1.4809297E+01  -9.0445158E+00   1.3333916E+01
                  -5.7307830E+00  -2.2457258E+00   9.1369650E+00
                  -8.1280497E+00  -9.1234761E+00   9.9902254E+00
                  -7.9839865E+00  -9.9310373E+00   8.2242595E+00
                  -9.4863300E+00  -8.7777602E+00   6.4789180E+00
                  -1.0589786E+01  -6.8693033E+00   7.0310033E+00
                  -9.3982347E+00  -1.0282175E+01   4.0061586E+00
                  -9.3484745E+00  -1.2366108E+01   4.5217080E+00
                  -6.9826396E+00  -9.5895449E+00   2.5750748E+00
                  -5.2873777E+00  -9.8873034E+00   3.7484831E+00
                  -6.7835021E+00  -1.0780518E+01   8.6566458E-01
                  -1.1637617E+01  -9.8349372E+00   2.4622789E+00
                  -1.1344482E+01  -9.2783751E+00   6.3221350E-01
                  -1.3979284E+01  -9.7477962E+00   3.6145318E+00
                  -1.4192131E+01  -1.0436584E+01   5.8016912E+00
                  -1.6128541E+01  -8.8343443E+00   2.0254121E+00
                  -1.5749738E+01  -8.8319027E+00  -1.3003205E-02
                  -1.6579845E+01  -6.8533067E+00   2.5327185E+00
                  -1.7839293E+01  -9.9541846E+00   2.3749150E+00
                  -7.0447964E+00  -6.2242963E+00   1.3010121E+00
