Run semi-empirical minimization
 &qmmm
    qm_theory='AM1', grms_tol=0.0005,
 scfconv=1.d-10, ndiis_attempts=700,   qmcharge=0,
 /
   1   H11       40.7700       31.8500       40.1600 
   8   O11       40.7000       30.8800       40.0200 
   6    C2       39.6800       30.8700       39.1200 
   8    O2       39.3900       29.7300       38.6500 
   6    CA       39.1200       32.2500       38.6000 
   1    HA       38.3000       31.9000       37.9800 
   6    CB       40.2200       33.0100       37.8100 
   1   HB2       41.2100       33.0800       38.3000 
   1   HB3       40.4900       32.4800       36.8900 
   7    N1       38.5400       33.1100       39.5900 
   1    H1       38.8000       34.0700       39.4500 
   6    C1       37.2500       32.9500       40.0900 
   8    O1       36.8300       31.7900       40.2600 
   6   CH3       36.5100       34.2600       40.2900 
   1  HH31       36.9000       34.7800       41.1800 
   1  HH32       36.6700       35.0500       39.5400 
   1  HH33       35.4500       34.0500       40.4500 
  16    ST       39.7200       34.7500       37.5000 
   1   H11       40.4600       39.2300       47.0800 
   8   O11       40.5800       39.1500       48.0400 
   6    C2       41.7600       39.7800       48.1000 
   8    O2       42.1900       40.1800       49.1600 
   6    CA       42.5000       39.8500       46.7900 
   1    HA       43.4000       40.3900       47.0800 
   6    CB       41.5800       40.4500       45.6700 
   1   HB2       40.9000       41.1700       46.1500 
   1   HB3       42.1600       40.9600       44.8800 
   7    N1       43.0200       38.5400       46.2900 
   1    H1       42.6600       38.3300       45.3700 
   6    C1       43.3900       37.5100       47.0300 
   8    O1       43.7100       37.4800       48.2200 
   6   CH3       43.2800       36.1700       46.2800 
   1  HH31       43.1200       35.3700       47.0100 
   1  HH32       42.4500       36.1600       45.5600 
   1  HH33       44.2100       36.0400       45.7300 
  16    ST       40.5000       39.1600       45.0100 
   1   H11       40.7000       43.6500       34.8500 
   8   O11       40.8800       44.1600       34.0300 
   6    C2       39.7900       43.9500       33.3000 
   8    O2       39.8200       44.4300       32.1500 
   6    CA       38.5700       43.3700       34.0300 
   1    HA       38.1400       44.0800       34.7500 
   6    CB       39.1400       42.2000       35.0000 
   1   HB2       38.2300       41.8100       35.4700 
   1   HB3       39.8300       41.5400       34.4600 
   7    N1       37.5300       42.8000       33.1100 
   1    H1       37.4900       41.7900       33.0100 
   6    C1       36.7000       43.5500       32.2800 
   8    O1       36.1700       42.9900       31.3500 
   6   CH3       36.2600       44.9700       32.7500 
   1  HH31       37.0700       45.6600       33.0400 
   1  HH32       35.6800       45.4300       31.9400 
   1  HH33       35.5600       44.7700       33.5700 
  16    ST       39.9900       42.9400       36.4500 
   1   H11       37.9500       37.5200       33.2000 
   8   O11       37.6800       37.0600       32.3800 
   6    C2       37.8300       35.7900       32.6800 
   8    O2       37.6100       35.0700       31.6600 
   6    CA       38.3100       35.4100       34.1500 
   1    HA       37.5400       35.9000       34.7500 
   6    CB       39.6200       36.1700       34.4900 
   1   HB2       40.1600       35.7400       35.3500 
   1   HB3       40.3300       36.1700       33.6600 
   7    N1       38.4400       33.9600       34.4900 
   1    H1       38.7600       33.9600       35.4400 
   6    C1       37.4700       33.0700       34.1800 
   8    O1       37.3300       32.4700       33.0800 
   6   CH3       36.6400       32.5200       35.3100 
   1  HH31       36.8400       33.1800       36.1600 
   1  HH32       35.5600       32.6500       35.1300 
   1  HH33       37.0000       31.5200       35.5800 
  16    ST       39.2200       37.9100       35.1100 
   1   H11       43.7800       32.7800       44.0800 
   8   O11       44.4100       32.0600       44.3000 
   6    C2       44.0000       31.1400       43.3800 
   8    O2       44.5700       30.0600       43.4200 
   6    CA       42.7600       31.6000       42.5100 
   1    HA       42.5000       30.9000       41.7100 
   6    CB       43.2000       32.8100       41.6800 
   1   HB2       43.4800       33.6000       42.3800 
   1   HB3       43.9900       32.5700       40.9600 
   7    N1       41.5600       31.9900       43.2700 
   1    H1       41.2800       32.9300       43.0100 
   6    C1       40.5400       31.0400       43.5800 
   8    O1       40.8100       29.9500       44.0700 
   6   CH3       39.1300       31.5500       43.4500 
   1  HH31       38.9200       32.2200       44.2800 
   1  HH32       39.1600       32.2600       42.6200 
   1  HH33       38.3500       30.7800       43.3100 
  16    ST       41.9700       33.4300       40.6100 
   1   H11       33.1000       40.7100       37.5700 
   8   O11       32.2000       40.9100       37.2500 
   6    C2       32.3500       41.9500       36.3800 
   8    O2       31.4300       42.3600       35.6600 
   6    CA       33.6800       42.5800       36.5300 
   1    HA       33.8000       43.3300       35.7300 
   6    CB       34.9100       41.6400       36.2700 
   1   HB2       34.5900       40.9900       35.4300 
   1   HB3       35.8400       42.1400       35.9700 
   7    N1       33.9800       43.1800       37.8000 
   1    H1       34.7400       42.7600       38.3200 
   6    C1       33.0100       43.8400       38.5400 
   8    O1       32.0500       44.3400       37.9600 
   6   CH3       33.2500       43.9300       40.1100 
   1  HH31       32.2800       43.8300       40.6300 
   1  HH32       33.8000       43.0000       40.3100 
   1  HH33       33.9200       44.7400       40.4200 
  16    ST       35.2300       40.5900       37.7100 
   1   H11       33.2900       36.3300       41.1700 
   8   O11       32.3500       36.0700       41.2300 
   6    C2       31.6300       37.1600       40.9000 
   8    O2       30.4200       37.1600       40.9400 
   6    CA       32.5400       38.4900       40.7400 
   1    HA       31.9400       39.2300       40.2100 
   6    CB       33.8300       38.2400       39.9200 
   1   HB2       33.4900       37.7500       39.0000 
   1   HB3       34.3800       39.1800       39.8100 
   7    N1       32.9200       39.0800       42.0900 
   1    H1       33.9200       39.1500       42.2600 
   6    C1       32.0500       39.7000       42.9900 
   8    O1       30.8200       39.4600       42.9800 
   6   CH3       32.6800       40.5700       44.0400 
   1  HH31       31.9300       41.2900       44.4000 
   1  HH32       33.1400       40.0400       44.8800 
   1  HH33       33.5000       41.0800       43.5200 
  16    ST       35.0300       37.0900       40.7500 
   1   H11       45.3300       42.3900       38.3700 
   8   O11       46.1700       42.8200       38.1400 
   6    C2       47.0600       41.7600       38.1700 
   8    O2       48.2700       41.9700       37.9300 
   6    CA       46.4300       40.3800       38.4000 
   1    HA       45.8600       40.1500       37.5000 
   6    CB       45.4600       40.4100       39.6500 
   1   HB2       45.1200       39.3800       39.7500 
   1   HB3       46.0100       40.7200       40.5400 
   7    N1       47.4600       39.2900       38.5800 
   1    H1       47.8500       39.1300       39.5000 
   6    C1       48.3000       38.9000       37.5800 
   8    O1       49.3800       38.4400       37.9000 
   6   CH3       47.9400       38.9600       36.1000 
   1  HH31       48.1400       37.9800       35.6700 
   1  HH32       46.8600       39.1000       35.9700 
   1  HH33       48.5200       39.7800       35.6300 
  16    ST       44.0300       41.4500       39.2900 
   1   H11       34.7700       43.1800       42.9100 
   8   O11       34.3200       43.9100       43.3800 
   6    C2       35.3800       44.4500       43.9700 
   8    O2       35.2200       45.5500       44.5100 
   6    CA       36.6700       44.0300       43.4000 
   1    HA       36.8200       44.4400       42.4000 
   6    CB       36.8500       42.4500       43.4700 
   1   HB2       37.8600       42.0700       43.2700 
   1   HB3       36.6200       42.1100       44.4900 
   7    N1       37.9400       44.5100       43.9500 
   1    H1       38.6700       44.0300       43.4400 
   6    C1       38.2600       44.5700       45.2800 
   8    O1       37.6700       45.1300       46.1800 
   6   CH3       39.4900       43.8000       45.6400 
   1  HH31       40.2600       43.8100       44.8600 
   1  HH32       39.9100       44.2400       46.5500 
   1  HH33       39.2600       42.7500       45.8400 
  16    ST       35.8800       41.6600       42.1500 
   1   H11       44.9200       35.8600       36.9500 
   8   O11       45.7100       35.5700       36.4600 
   6    C2       45.1500       34.9200       35.4800 
   8    O2       45.8000       34.6600       34.4400 
   6    CA       43.6900       34.5300       35.6700 
   1    HA       43.3500       34.0600       34.7500 
   6    CB       42.8800       35.7700       36.0200 
   1   HB2       42.9600       36.5000       35.2000 
   1   HB3       41.8900       35.3400       36.1200 
   7    N1       43.5100       33.4400       36.7600 
   1    H1       43.0600       33.8700       37.5600 
   6    C1       44.3300       32.3900       36.9700 
   8    O1       44.9700       31.7600       36.1400 
   6   CH3       44.3900       32.0200       38.4300 
   1  HH31       45.1600       31.2600       38.5900 
   1  HH32       44.7500       32.8700       39.0400 
   1  HH33       43.4800       31.5600       38.8600 
  16    ST       43.3400       36.5000       37.6200 
   1   H11       33.9900       35.0200       36.5600 
   8   O11       33.4100       34.3900       36.1000 
   6    C2       33.4200       34.7200       34.8000 
   8    O2       32.5200       34.3300       34.0600 
   6    CA       34.6100       35.5000       34.1800 
   1    HA       35.4400       34.7900       34.0800 
   6    CB       35.1500       36.6200       35.0500 
   1   HB2       36.0600       37.0600       34.6400 
   1   HB3       34.4000       37.4200       35.1500 
   7    N1       34.3800       36.1000       32.8100 
   1    H1       34.3500       37.1100       32.7100 
   6    C1       33.9200       35.3700       31.7100 
   8    O1       33.3000       35.9400       30.7700 
   6   CH3       34.3200       33.9000       31.5600 
   1  HH31       34.1100       33.2100       32.3800 
   1  HH32       34.1500       33.5000       30.5400 
   1  HH33       35.4200       33.8900       31.6300 
  16    ST       35.5200       36.1700       36.8200 
   1   H11       44.3900       39.7600       33.8200 
   8   O11       44.9500       39.8200       33.0300 
   6    C2       44.9400       41.1200       32.7500 
   8    O2       45.4500       41.4000       31.6000 
   6    CA       44.3400       42.0900       33.8600 
   1    HA       45.0300       42.1100       34.7100 
   6    CB       43.0000       41.5800       34.4200 
   1   HB2       42.5400       42.3200       35.0800 
   1   HB3       42.2800       41.4700       33.6000 
   7    N1       44.2600       43.5000       33.3700 
   1    H1       43.7800       43.6200       32.4800 
   6    C1       44.4500       44.6700       34.0300 
   8    O1       44.4200       45.6600       33.3600 
   6   CH3       44.6600       44.6500       35.5600 
   1  HH31       45.7400       44.7100       35.7200 
   1  HH32       44.1000       45.5100       35.9500 
   1  HH33       44.1300       43.7500       35.9200 
  16    ST       43.1600       39.9300       35.3400 
   1   H11       36.6100       45.3600       36.9800 
   8   O11       36.5500       45.9200       36.1900 
   6    C2       37.0100       47.0800       36.7400 
   8    O2       36.9300       48.1900       36.1400 
   6    CA       37.7300       46.8400       38.0800 
   1    HA       38.5700       46.1500       38.0100 
   6    CB       36.7900       46.3200       39.1100 
   1   HB2       37.2100       46.3800       40.1200 
   1   HB3       35.8300       46.8400       39.1800 
   7    N1       38.2600       48.2200       38.6000 
   1    H1       37.7100       48.6000       39.3700 
   6    C1       39.2500       49.0100       37.9400 
   8    O1       39.2100       50.2600       37.9000 
   6   CH3       40.3600       48.1700       37.1000 
   1  HH31       41.0800       48.8400       36.6300 
   1  HH32       40.9600       47.6300       37.8500 
   1  HH33       39.8700       47.4300       36.4600 
  16    ST       36.5200       44.5300       38.7500 
   1   H11       36.2100       37.9800       48.7800 
   8   O11       35.4000       37.8400       49.3000 
   6    C2       34.5400       38.6000       48.6200 
   8    O2       33.4300       38.7500       49.0700 
   6    CA       35.1500       39.1800       47.3200 
   1    HA       34.6200       40.1000       47.0100 
   6    CB       35.0800       38.2600       46.1000 
   1   HB2       35.6300       37.3500       46.4100 
   1   HB3       34.0700       37.9300       45.8600 
   7    N1       36.5900       39.5300       47.4700 
   1    H1       37.0800       39.4100       46.5900 
   6    C1       37.1000       40.5000       48.3500 
   8    O1       36.6000       40.5500       49.4600 
   6   CH3       38.2500       41.3800       47.8900 
   1  HH31       39.0300       41.4100       48.6500 
   1  HH32       38.7400       41.0100       46.9800 
   1  HH33       37.9400       42.4400       47.7900 
  16    ST       35.9600       39.1000       44.6600 
   1   H11       37.6200       36.8800       46.6800 
   8   O11       37.4600       36.5200       47.5700 
   6    C2       37.7200       35.2100       47.3000 
   8    O2       37.8600       34.3600       48.2000 
   6    CA       37.8200       34.9200       45.7500 
   1    HA       37.5800       33.8600       45.7000 
   6    CB       39.1800       35.3400       45.1100 
   1   HB2       39.5300       36.3500       45.3700 
   1   HB3       39.9600       34.6200       45.4300 
   7    N1       36.6300       35.5000       45.0300 
   1    H1       36.8100       35.9700       44.1600 
   6    C1       35.4500       34.7900       44.9000 
   8    O1       35.0000       33.9700       45.6800 
   6   CH3       34.6900       35.2400       43.6600 
   1  HH31       35.3500       35.1200       42.7900 
   1  HH32       33.8600       34.5200       43.5900 
   1  HH33       34.4000       36.2900       43.7700 
  16    ST       38.9700       35.3500       43.3100 
   1   H11       41.6100       44.9300       43.4400 
   8   O11       41.8300       45.7900       43.8500 
   6    C2       41.9400       46.6600       42.8700 
   8    O2       42.1600       47.8800       43.1400 
   6    CA       41.6300       46.1000       41.5100 
   1    HA       41.4800       46.9600       40.8400 
   6    CB       40.3100       45.3600       41.5700 
   1   HB2       39.6000       46.0000       42.1200 
   1   HB3       39.8100       45.2500       40.5800 
   7    N1       42.6400       45.1500       40.9800 
   1    H1       42.3300       44.2100       41.2100 
   6    C1       42.9400       45.3500       39.6700 
   8    O1       43.4400       46.4100       39.2900 
   6   CH3       42.5100       44.3100       38.6400 
   1  HH31       41.6900       44.6900       38.0300 
   1  HH32       43.3100       43.8400       38.0400 
   1  HH33       41.9400       43.5400       39.1700 
  16    ST       40.4100       43.6400       42.2000 
   1   H11       44.9700       42.9200       44.3200 
   8   O11       45.3300       43.5800       44.9400 
   6    C2       45.7300       44.5800       44.1300 
   8    O2       46.4600       45.4300       44.6700 
   6    CA       45.4600       44.4100       42.6300 
   1    HA       44.4600       44.8500       42.5900 
   6    CB       45.3800       42.9800       41.9700 
   1   HB2       45.3100       43.0800       40.8800 
   1   HB3       46.3400       42.4600       42.1000 
   7    N1       46.3200       45.2900       41.8000 
   1    H1       45.9200       46.1500       41.4300 
   6    C1       47.7000       45.3700       41.7800 
   8    O1       48.3000       46.3200       41.2900 
   6   CH3       48.5200       44.3400       42.4500 
   1  HH31       48.4300       43.4200       41.8400 
   1  HH32       49.5800       44.6200       42.4900 
   1  HH33       48.0400       43.9700       43.3700 
  16    ST       44.1400       41.9000       42.7900 
   1   H11       47.0200       38.3900       41.7900 
   8   O11       47.9100       38.0100       41.9100 
   6    C2       47.4900       36.9800       42.6100 
   8    O2       48.2500       36.0700       42.7900 
   6    CA       46.1200       37.3100       43.2700 
   1    HA       46.0300       36.6600       44.1600 
   6    CB       44.9700       37.1600       42.2700 
   1   HB2       45.2500       37.9800       41.6000 
   1   HB3       44.8400       36.2300       41.7000 
   7    N1       46.0000       38.6400       43.8000 
   1    H1       45.1100       39.1000       43.6600 
   6    C1       46.6900       39.0800       44.8600 
   8    O1       47.7500       38.5600       45.2200 
   6   CH3       46.0000       40.1200       45.6400 
   1  HH31       46.5800       41.0500       45.5500 
   1  HH32       45.0600       40.4900       45.2200 
   1  HH33       45.8400       39.8000       46.6800 
  16    ST       43.3500       37.5400       43.0300 

