Run semi-empirical minimization
 &qmmm
  qm_theory='DFTB', grms_tol=0.0005, scfconv=1.d-8, ndiis_attempts=700,  qmcharge=-1,
 /
  79   AuS       37.6300       40.0900       41.7800 
  79   AuS       40.5200       40.0500       42.7200 
  79   AuL       38.2500       39.2600       44.5900 
   1   H11       40.4600       39.2300       47.0800 
   8   O11       40.5800       39.1500       48.0400 
   6    C2       41.7600       39.7800       48.1000 
   8    O2       42.1900       40.1800       49.1600 
   6    CA       42.5000       39.8500       46.7900 
   1    HA       43.4000       40.3900       47.0800 
   6    CB       41.5800       40.4500       45.6700 
   1   HB2       40.9000       41.1700       46.1500 
   1   HB3       42.1600       40.9600       44.8800 
   7    N1       43.0200       38.5400       46.2900 
   1    H1       42.6600       38.3300       45.3700 
   6    C1       43.3900       37.5100       47.0300 
   8    O1       43.7100       37.4800       48.2200 
   6   CH3       43.2800       36.1700       46.2800 
   1  HH31       43.1200       35.3700       47.0100 
   1  HH32       42.4500       36.1600       45.5600 
   1  HH33       44.2100       36.0400       45.7300 
  16    ST       40.5000       39.1600       45.0100 
   1   H11       36.2100       37.9800       48.7800 
   8   O11       35.4000       37.8400       49.3000 
   6    C2       34.5400       38.6000       48.6200 
   8    O2       33.4300       38.7500       49.0700 
   6    CA       35.1500       39.1800       47.3200 
   1    HA       34.6200       40.1000       47.0100 
   6    CB       35.0800       38.2600       46.1000 
   1   HB2       35.6300       37.3500       46.4100 
   1   HB3       34.0700       37.9300       45.8600 
   7    N1       36.5900       39.5300       47.4700 
   1    H1       37.0800       39.4100       46.5900 
   6    C1       37.1000       40.5000       48.3500 
   8    O1       36.6000       40.5500       49.4600 
   6   CH3       38.2500       41.3800       47.8900 
   1  HH31       39.0300       41.4100       48.6500 
   1  HH32       38.7400       41.0100       46.9800 
   1  HH33       37.9400       42.4400       47.7900 
  16    ST       35.9600       39.1000       44.6600 

