
Resp charges for organic molecule                                               

iqopt   irstrnt  ihfree     qwt
  2      1      1        0.001000

 rel.rms   dipole mom       Qxx      Qyy      Qzz
    0.04553  32.57410-133.99784 267.50076-133.50292

          Point charges before & after optimization
    NO   At.No.    q0           q(opt)   IVARY  d(rstr)/dq 
     1    79  -0.025290      -0.070294    0    0.008181
     2    79   0.025331      -0.006121    0    0.009981
     3    79   0.014398       0.010864    0    0.009941
     4    79   0.015121       0.013062    0    0.009916
     5    79   0.011291       0.015908    0    0.009876
     6    79   0.038806       0.037289    0    0.009370
     7    79   0.112790       0.103398    0    0.006952
     8    79   0.328338       0.283139    0    0.003330
     9    79   0.045829       0.028077    0    0.009628
    10    79   0.060154       0.077358    0    0.007908
    11    79   0.008796       0.004717    0    0.009989
    12    79   0.043402       0.052136    0    0.008867
    13    79  -0.004900      -0.001110    0    0.009999
    14    79   0.026770       0.017895    0    0.009844
    15    79   0.011330       0.008894    0    0.009961
    16    79  -0.002467      -0.011040    0    0.009940
    17    79  -0.003762      -0.015055    0    0.009889
    18    79   0.035101       0.039492    0    0.009300
    19    79   0.084541       0.076447    0    0.007944
    20    79   0.000236       0.038793    0    0.009322
    21    79   0.097062       0.236612    0    0.003896
    22    79   0.049069       0.057701    0    0.008660
    23    79   0.006889      -0.000999    0    0.010000
    24    79  -0.005337      -0.016855    0    0.009861
    25    79   0.006502      -0.000309    0    0.010000
    26     1   0.328338       0.283139    8    0.000000
    27     8  -0.105381      -0.080732    0    0.007780
    28     6  -0.093288      -0.073615    0    0.008053
    29     8  -0.106140      -0.085012    0    0.007619
    30     6  -0.071679      -0.055464    0    0.008745
    31     1   0.025331      -0.006121    2    0.000000
    32     6  -0.057713      -0.045593    0    0.009099
    33     1   0.025331      -0.006121    2    0.000000
    34     1   0.025331      -0.006121    2    0.000000
    35     7  -0.066704      -0.048266    0    0.009006
    36     1  -0.025290      -0.070294    1    0.000000
    37     6  -0.086069      -0.060008    0    0.008575
    38     8  -0.098739      -0.070641    0    0.008168
    39     6  -0.092708      -0.059026    0    0.008612
    40     1   0.112790       0.103398    7    0.000000
    41     1   0.112790       0.103398    7    0.000000
    42     1   0.112790       0.103398    7    0.000000
    43    16  -0.048990      -0.036318    0    0.009399
    44     1   0.328338       0.283139    8    0.000000
    45     8  -0.286703      -0.235345    0    0.003910
    46     6  -0.022137      -0.041637    0    0.009232
    47     8  -0.081171      -0.113062    0    0.006626
    48     6   0.099182       0.077105    0    0.007919
    49     1   0.025331      -0.006121    2    0.000000
    50     6  -0.038698      -0.016109    0    0.009873
    51     1   0.025331      -0.006121    2    0.000000
    52     1   0.025331      -0.006121    2    0.000000
    53     7   0.085682       0.157566    0    0.005359
    54     1  -0.025290      -0.070294    1    0.000000
    55     6   0.579231       0.560208    0    0.001757
    56     8  -0.554151      -0.544634    0    0.001806
    57     6  -0.339903      -0.304938    0    0.003116
    58     1   0.112790       0.103398    7    0.000000
    59     1   0.112790       0.103398    7    0.000000
    60     1   0.112790       0.103398    7    0.000000
    61    16  -0.268743      -0.153829    0    0.005450
    62     1   0.328338       0.283139    8    0.000000
    63     8  -0.114703      -0.073535    0    0.008056
    64     6  -0.101063      -0.071642    0    0.008129
    65     8  -0.121380      -0.085644    0    0.007595
    66     6  -0.075348      -0.056737    0    0.008698
    67     1   0.025331      -0.006121    2    0.000000
    68     6  -0.067181      -0.051361    0    0.008895
    69     1   0.025331      -0.006121    2    0.000000
    70     1   0.025331      -0.006121    2    0.000000
    71     7  -0.075823      -0.061090    0    0.008533
    72     1  -0.025290      -0.070294    1    0.000000
    73     6  -0.074599      -0.060809    0    0.008544
    74     8  -0.073614      -0.063961    0    0.008424
    75     6  -0.071434      -0.054685    0    0.008774
    76     1   0.112790       0.103398    7    0.000000
    77     1   0.112790       0.103398    7    0.000000
    78     1   0.112790       0.103398    7    0.000000
    79    16  -0.052268      -0.035211    0    0.009432
    80     1   0.328338       0.283139    8    0.000000
    81     8  -0.075340      -0.056196    0    0.008718
    82     6  -0.080215      -0.060822    0    0.008544
    83     8  -0.084166      -0.066008    0    0.008346
    84     6  -0.079304      -0.058222    0    0.008642
    85     1   0.025331      -0.006121    2    0.000000
    86     6  -0.076057      -0.054365    0    0.008786
    87     1   0.025331      -0.006121    2    0.000000
    88     1   0.025331      -0.006121    2    0.000000
    89     7  -0.087095      -0.065376    0    0.008370
    90     1  -0.025290      -0.070294    1    0.000000
    91     6  -0.089622      -0.067596    0    0.008285
    92     8  -0.085109      -0.063832    0    0.008429
    93     6  -0.103024      -0.077904    0    0.007888
    94     1   0.112790       0.103398    7    0.000000
    95     1   0.112790       0.103398    7    0.000000
    96     1   0.112790       0.103398    7    0.000000
    97    16  -0.067479      -0.044352    0    0.009141
    98     1   0.328338       0.283139    8    0.000000
    99     8  -0.258989      -0.195671    0    0.004551
   100     6  -0.027207      -0.028114    0    0.009627
   101     8  -0.152203      -0.209488    0    0.004308
   102     6   0.012053       0.022510    0    0.009756
   103     1   0.025331      -0.006121    2    0.000000
   104     6   0.028345       0.054465    0    0.008782
   105     1   0.025331      -0.006121    2    0.000000
   106     1   0.025331      -0.006121    2    0.000000
   107     7   0.110527       0.125914    0    0.006221
   108     1  -0.025290      -0.070294    1    0.000000
   109     6  -0.027663      -0.026909    0    0.009656
   110     8  -0.402251      -0.294215    0    0.003218
   111     6  -0.066947      -0.047276    0    0.009041
   112     1   0.112790       0.103398    7    0.000000
   113     1   0.112790       0.103398    7    0.000000
   114     1   0.112790       0.103398    7    0.000000
   115    16  -0.043077      -0.015889    0    0.009876
   116     1   0.328338       0.283139    8    0.000000
   117     8  -0.086839      -0.069173    0    0.008224
   118     6  -0.084950      -0.066446    0    0.008329
   119     8  -0.086076      -0.069208    0    0.008223
   120     6  -0.082274      -0.060573    0    0.008553
   121     1   0.025331      -0.006121    2    0.000000
   122     6  -0.079131      -0.054657    0    0.008775
   123     1   0.025331      -0.006121    2    0.000000
   124     1   0.025331      -0.006121    2    0.000000
   125     7  -0.083443      -0.059621    0    0.008589
   126     1  -0.025290      -0.070294    1    0.000000
   127     6  -0.082143      -0.061141    0    0.008532
   128     8  -0.079284      -0.062972    0    0.008462
   129     6  -0.085179      -0.060671    0    0.008549
   130     1   0.112790       0.103398    7    0.000000
   131     1   0.112790       0.103398    7    0.000000
   132     1   0.112790       0.103398    7    0.000000
   133    16  -0.078092      -0.050213    0    0.008937
   134     1   0.328338       0.283139    8    0.000000
   135     8  -0.098413      -0.073622    0    0.008053
   136     6  -0.082676      -0.067053    0    0.008305
   137     8  -0.079704      -0.069942    0    0.008194
   138     6  -0.073574      -0.057849    0    0.008656
   139     1   0.025331      -0.006121    2    0.000000
   140     6  -0.059883      -0.047952    0    0.009017
   141     1   0.025331      -0.006121    2    0.000000
   142     1   0.025331      -0.006121    2    0.000000
   143     7  -0.082613      -0.058415    0    0.008635
   144     1  -0.025290      -0.070294    1    0.000000
   145     6  -0.093873      -0.064632    0    0.008398
   146     8  -0.090163      -0.067441    0    0.008291
   147     6  -0.114461      -0.067689    0    0.008281
   148     1   0.112790       0.103398    7    0.000000
   149     1   0.112790       0.103398    7    0.000000
   150     1   0.112790       0.103398    7    0.000000
   151    16  -0.052052      -0.040080    0    0.009282
   152     1   0.328338       0.283139    8    0.000000
   153     8  -0.394803      -0.291398    0    0.003246
   154     6   0.568607       0.418286    0    0.002325
   155     8  -0.456154      -0.420761    0    0.002312
   156     6  -0.019089       0.026740    0    0.009661
   157     1   0.025331      -0.006121    2    0.000000
   158     6  -0.029554      -0.009976    0    0.009951
   159     1   0.025331      -0.006121    2    0.000000
   160     1   0.025331      -0.006121    2    0.000000
   161     7  -0.142904       0.002321    0    0.009997
   162     1  -0.025290      -0.070294    1    0.000000
   163     6   0.589267       0.511218    0    0.001920
   164     8  -0.547292      -0.523090    0    0.001878
   165     6  -0.304791      -0.260020    0    0.003590
   166     1   0.112790       0.103398    7    0.000000
   167     1   0.112790       0.103398    7    0.000000
   168     1   0.112790       0.103398    7    0.000000
   169    16  -0.090699      -0.067997    0    0.008269
   170     1   0.328338       0.283139    8    0.000000
   171     8  -0.089318      -0.088749    0    0.007479
   172     6  -0.091317      -0.079086    0    0.007843
   173     8  -0.135064      -0.098408    0    0.007127
   174     6  -0.057982      -0.050664    0    0.008920
   175     1   0.025331      -0.006121    2    0.000000
   176     6  -0.036849      -0.036765    0    0.009386
   177     1   0.025331      -0.006121    2    0.000000
   178     1   0.025331      -0.006121    2    0.000000
   179     7  -0.064417      -0.045024    0    0.009118
   180     1  -0.025290      -0.070294    1    0.000000
   181     6  -0.079630      -0.050303    0    0.008933
   182     8  -0.075349      -0.055118    0    0.008758
   183     6  -0.155753      -0.060510    0    0.008556
   184     1   0.112790       0.103398    7    0.000000
   185     1   0.112790       0.103398    7    0.000000
   186     1   0.112790       0.103398    7    0.000000
   187    16  -0.041733      -0.050050    0    0.008942
   188     1   0.328338       0.283139    8    0.000000
   189     8  -0.297468      -0.170648    0    0.005055
   190     6  -0.028612      -0.032195    0    0.009519
   191     8  -0.016305      -0.022611    0    0.009754
   192     6  -0.024091      -0.020086    0    0.009804
   193     1   0.025331      -0.006121    2    0.000000
   194     6  -0.007947       0.005336    0    0.009986
   195     1   0.025331      -0.006121    2    0.000000
   196     1   0.025331      -0.006121    2    0.000000
   197     7  -0.048468      -0.044751    0    0.009128
   198     1  -0.025290      -0.070294    1    0.000000
   199     6  -0.079949      -0.085409    0    0.007605
   200     8  -0.039990      -0.052412    0    0.008857
   201     6  -0.301252      -0.231974    0    0.003958
   202     1   0.112790       0.103398    7    0.000000
   203     1   0.112790       0.103398    7    0.000000
   204     1   0.112790       0.103398    7    0.000000
   205    16   0.016670       0.040075    0    0.009282
   206     1   0.328338       0.283139    8    0.000000
   207     8  -0.091204      -0.061904    0    0.008503
   208     6  -0.084754      -0.061394    0    0.008522
   209     8  -0.080282      -0.061455    0    0.008520
   210     6  -0.084024      -0.060889    0    0.008541
   211     1   0.025331      -0.006121    2    0.000000
   212     6  -0.080257      -0.055444    0    0.008746
   213     1   0.025331      -0.006121    2    0.000000
   214     1   0.025331      -0.006121    2    0.000000
   215     7  -0.080344      -0.062054    0    0.008497
   216     1  -0.025290      -0.070294    1    0.000000
   217     6  -0.081164      -0.065657    0    0.008359
   218     8  -0.076012      -0.064779    0    0.008393
   219     6  -0.089237      -0.070644    0    0.008167
   220     1   0.112790       0.103398    7    0.000000
   221     1   0.112790       0.103398    7    0.000000
   222     1   0.112790       0.103398    7    0.000000
   223    16  -0.080135      -0.050454    0    0.008928
   224     1   0.328338       0.283139    8    0.000000
   225     8  -0.033648      -0.043744    0    0.009162
   226     6  -0.042447      -0.046417    0    0.009071
   227     8  -0.046445      -0.045383    0    0.009106
   228     6  -0.047289      -0.048192    0    0.009009
   229     1   0.025331      -0.006121    2    0.000000
   230     6  -0.034424      -0.028567    0    0.009615
   231     1   0.025331      -0.006121    2    0.000000
   232     1   0.025331      -0.006121    2    0.000000
   233     7  -0.072646      -0.062893    0    0.008465
   234     1  -0.025290      -0.070294    1    0.000000
   235     6  -0.131044      -0.095460    0    0.007233
   236     8  -0.255008      -0.111255    0    0.006682
   237     6  -0.147114      -0.119192    0    0.006428
   238     1   0.112790       0.103398    7    0.000000
   239     1   0.112790       0.103398    7    0.000000
   240     1   0.112790       0.103398    7    0.000000
   241    16  -0.017347      -0.013572    0    0.009909
   242     1   0.328338       0.283139    8    0.000000
   243     8  -0.108245      -0.086583    0    0.007560
   244     6  -0.100890      -0.076494    0    0.007942
   245     8  -0.108518      -0.080734    0    0.007780
   246     6  -0.079638      -0.059153    0    0.008607
   247     1   0.025331      -0.006121    2    0.000000
   248     6  -0.074722      -0.052524    0    0.008853
   249     1   0.025331      -0.006121    2    0.000000
   250     1   0.025331      -0.006121    2    0.000000
   251     7  -0.068027      -0.047977    0    0.009016
   252     1  -0.025290      -0.070294    1    0.000000
   253     6  -0.065367      -0.047329    0    0.009039
   254     8  -0.062296      -0.042029    0    0.009219
   255     6  -0.075137      -0.058331    0    0.008638
   256     1   0.112790       0.103398    7    0.000000
   257     1   0.112790       0.103398    7    0.000000
   258     1   0.112790       0.103398    7    0.000000
   259    16  -0.084570      -0.063520    0    0.008441
   260     1   0.328338       0.283139    8    0.000000
   261     8  -0.167933      -0.106604    0    0.006842
   262     6  -0.109357      -0.087719    0    0.007517
   263     8  -0.148030      -0.116883    0    0.006500
   264     6  -0.054680      -0.049429    0    0.008965
   265     1   0.025331      -0.006121    2    0.000000
   266     6  -0.027538      -0.030905    0    0.009554
   267     1   0.025331      -0.006121    2    0.000000
   268     1   0.025331      -0.006121    2    0.000000
   269     7  -0.038616      -0.032933    0    0.009498
   270     1  -0.025290      -0.070294    1    0.000000
   271     6  -0.074081      -0.053093    0    0.008832
   272     8  -0.139511      -0.084534    0    0.007637
   273     6  -0.059873      -0.039596    0    0.009298
   274     1   0.112790       0.103398    7    0.000000
   275     1   0.112790       0.103398    7    0.000000
   276     1   0.112790       0.103398    7    0.000000
   277    16  -0.007793      -0.012978    0    0.009917
   278     1   0.328338       0.283139    8    0.000000
   279     8  -0.313367      -0.300854    0    0.003154
   280     6  -0.065501      -0.067093    0    0.008304
   281     8  -0.200627      -0.167333    0    0.005130
   282     6   0.022092       0.025953    0    0.009679
   283     1   0.025331      -0.006121    2    0.000000
   284     6   0.067453       0.075986    0    0.007963
   285     1   0.025331      -0.006121    2    0.000000
   286     1   0.025331      -0.006121    2    0.000000
   287     7  -0.029847      -0.018080    0    0.009840
   288     1  -0.025290      -0.070294    1    0.000000
   289     6  -0.082574      -0.055679    0    0.008737
   290     8  -0.121351      -0.080494    0    0.007790
   291     6  -0.146988      -0.077222    0    0.007915
   292     1   0.112790       0.103398    7    0.000000
   293     1   0.112790       0.103398    7    0.000000
   294     1   0.112790       0.103398    7    0.000000
   295    16   0.043299       0.050141    0    0.008939
   296     1   0.328338       0.283139    8    0.000000
   297     8   0.028849       0.019577    0    0.009813
   298     6   0.004822      -0.000312    0    0.010000
   299     8  -0.037123      -0.026164    0    0.009674
   300     6  -0.013636      -0.020828    0    0.009790
   301     1   0.025331      -0.006121    2    0.000000
   302     6  -0.130822      -0.095557    0    0.007230
   303     1   0.025331      -0.006121    2    0.000000
   304     1   0.025331      -0.006121    2    0.000000
   305     7   0.015559      -0.002163    0    0.009998
   306     1  -0.025290      -0.070294    1    0.000000
   307     6   0.036689       0.002070    0    0.009998
   308     8   0.062181       0.014119    0    0.009902
   309     6  -0.438534      -0.386908    0    0.002503
   310     1   0.112790       0.103398    7    0.000000
   311     1   0.112790       0.103398    7    0.000000
   312     1   0.112790       0.103398    7    0.000000
   313    16  -0.355397      -0.118509    0    0.006445
   314     1   0.328338       0.283139    8    0.000000
   315     8  -0.566240      -0.535040    0    0.001837
   316     6   0.803117       0.726598    0    0.001363
   317     8  -0.512124      -0.506411    0    0.001937
   318     6  -0.253461      -0.058956    0    0.008615
   319     1   0.025331      -0.006121    2    0.000000
   320     6   0.104081       0.122032    0    0.006339
   321     1   0.025331      -0.006121    2    0.000000
   322     1   0.025331      -0.006121    2    0.000000
   323     7  -0.023643       0.010100    0    0.009949
   324     1  -0.025290      -0.070294    1    0.000000
   325     6   0.597907       0.542181    0    0.001814
   326     8  -0.530935      -0.508712    0    0.001929
   327     6  -0.367307      -0.333366    0    0.002873
   328     1   0.112790       0.103398    7    0.000000
   329     1   0.112790       0.103398    7    0.000000
   330     1   0.112790       0.103398    7    0.000000
   331    16  -0.078806      -0.073102    0    0.008072
   332     1   0.328338       0.283139    8    0.000000
   333     8  -0.405583      -0.336741    0    0.002847
   334     6   0.485472       0.344862    0    0.002785
   335     8  -0.357428      -0.262337    0    0.003562
   336     6   0.149164       0.292266    0    0.003238
   337     1   0.025331      -0.006121    2    0.000000
   338     6  -0.047781      -0.040856    0    0.009257
   339     1   0.025331      -0.006121    2    0.000000
   340     1   0.025331      -0.006121    2    0.000000
   341     7  -0.102379      -0.054322    0    0.008787
   342     1  -0.025290      -0.070294    1    0.000000
   343     6   0.625765       0.588287    0    0.001676
   344     8  -0.546111      -0.538203    0    0.001827
   345     6  -0.347750      -0.306458    0    0.003102
   346     1   0.112790       0.103398    7    0.000000
   347     1   0.112790       0.103398    7    0.000000
   348     1   0.112790       0.103398    7    0.000000
   349    16  -0.280780      -0.301173    0    0.003151

        Statistics of the fitting:
  The initial sum of squares (ssvpot)                     17.709
  The residual sum of squares (chipot)                     0.037
  The std err of estimate (sqrt(chipot/N))               0.00169
  ESP relative RMS (SQRT(chipot/ssvpot))                 0.04553

 Dipole Moment (Debye)=  32.57410
